0001.1999-12-10.farmer	0	0	5.00062115031e-273	3.84985743031e-20	2	0
0001.1999-12-10.kaminski	0	0	3.22482838697e-140	1.57413933075e-13	3	0
0001.2000-01-17.beck	0	0	0.0	0.0	200	0
0001.2000-06-06.lokay	0	0	0.0	0.0	352	0
0001.2001-02-07.kitchen	0	0	0.0	6.09163691621e-147	368	0
0001.2001-04-02.williams	0	0	0.0	0.0	404	0
0002.1999-12-13.farmer	0	0	0.0	0.0	541	0
0002.2001-02-07.kitchen	0	0	0.0	2.38489787208e-194	555	0
0002.2001-05-25.SA_and_HP	1	1	4.44609668382e-264	0.0	555	27
0002.2003-12-18.GP	1	1	0.0	0.0	555	107
0002.2004-08-01.BG	1	1	0.0	0.0	555	133
0003.1999-12-10.kaminski	0	0	0.0	1.08343536169e-179	577	133
0003.1999-12-14.farmer	0	0	0.0	1.01742362571e-34	584	133
0003.2000-01-17.beck	0	0	0.0	0.0	650	133
0003.2001-02-08.kitchen	0	0	0.0	0.0	713	133
0003.2003-12-18.GP	1	1	0.0	0.0	713	168
0003.2004-08-01.BG	1	1	0.0	0.0	713	214
0004.1999-12-10.kaminski	0	0	0.0	0.0	786	214
0004.1999-12-14.farmer	0	0	0.0	0.0	865	214
0004.2001-04-02.williams	0	0	0.0	1.81630329331e-296	884	214
0004.2001-06-12.SA_and_HP	1	1	0.0	0.0	884	244
0004.2004-08-01.BG	1	1	0.0	0.0	884	286
0005.1999-12-12.kaminski	0	0	0.0	0.0	944	286
0005.1999-12-14.farmer	0	0	0.0	0.0	1023	286
0005.2000-06-06.lokay	0	0	0.0	1.1534558819e-185	1045	286
0005.2001-02-08.kitchen	0	0	0.0	0.0	1095	286
0005.2001-06-23.SA_and_HP	1	1	4.65684415637e-83	0.0	1095	296
0005.2003-12-18.GP	1	1	0.0	0.0	1095	710
0006.1999-12-13.kaminski	0	0	0.0	2.16517854344e-214	1113	710
0006.2001-02-08.kitchen	0	0	0.0	0.0	1484	710
0006.2001-04-03.williams	0	0	0.0	1.02440483943e-131	1495	710
0006.2001-06-25.SA_and_HP	1	1	7.40688763606e-169	0.0	1495	729
0006.2003-12-18.GP	1	1	0.0	0.0	1495	809
0006.2004-08-01.BG	1	1	0.0	0.0	1495	868
0007.1999-12-13.kaminski	0	0	0.0	0.0	1549	868
0007.1999-12-14.farmer	0	0	0.0	3.58045727875e-300	1587	868
0007.2000-01-17.beck	0	0	0.0	0.0	1741	868
0007.2001-02-09.kitchen	0	0	0.0	0.0	1815	868
0007.2003-12-18.GP	1	1	0.0	0.0	1815	947
0007.2004-08-01.BG	1	1	0.0	0.0	1815	1075
0008.2001-02-09.kitchen	0	0	0.0	0.0	2165	1075
0008.2001-06-12.SA_and_HP	1	1	0.0	0.0	2165	1105
0008.2001-06-25.SA_and_HP	1	1	0.0	0.0	2165	1333
0008.2003-12-18.GP	1	1	0.0	0.0	2165	1381
0008.2004-08-01.BG	1	1	0.0	0.0	2165	1679
0009.1999-12-13.kaminski	0	0	0.0	0.0	2787	1679
0009.1999-12-14.farmer	0	0	0.0	7.07040087176e-257	2829	1679
0009.2000-06-07.lokay	0	0	0.0	0.0	2978	1679
0009.2001-02-09.kitchen	0	0	0.0	0.0	3222	1679
0009.2001-06-26.SA_and_HP	1	1	0.0	0.0	3222	1736
0009.2003-12-18.GP	1	1	0.0	0.0	3222	1794
0010.1999-12-14.farmer	0	0	0.0	0.0	3348	1794
0010.1999-12-14.kaminski	0	0	0.0	4.69036018842e-88	3359	1794
0010.2001-02-09.kitchen	0	0	0.0	0.0	3497	1794
0010.2001-06-28.SA_and_HP	1	1	0.0	0.0	3497	1952
0010.2003-12-18.GP	1	1	1.15578079629e-24	0.0	3497	1956
0010.2004-08-01.BG	1	1	0.0	0.0	3497	2132
0011.1999-12-14.farmer	0	0	0.0	0.0	3577	2132
0011.2001-06-28.SA_and_HP	1	1	0.0	0.0	3577	2289
0011.2001-06-29.SA_and_HP	1	1	0.0	0.0	3577	2921
0011.2003-12-18.GP	1	1	2.6554445884e-229	0.0	3577	2953
0011.2004-08-01.BG	1	1	6.06702234117e-295	0.0	3577	2986
0012.1999-12-14.farmer	0	0	0.0	0.0	3737	2986
0012.1999-12-14.kaminski	0	0	0.0	0.0	3798	2986
0012.2000-01-17.beck	0	0	0.0	0.0	3948	2986
0012.2000-06-08.lokay	0	0	0.0	0.0	3976	2986
0012.2001-02-09.kitchen	0	0	0.0	2.45628130937e-213	3995	2986
0012.2003-12-19.GP	1	1	5.70944019556e-69	0.0	3995	2994
0013.1999-12-14.farmer	0	0	0.0	0.0	4058	2994
0013.1999-12-14.kaminski	0	0	0.0	0.0	4128	2994
0013.2001-04-03.williams	0	0	0.0	2.38809552734e-288	4144	2994
0013.2001-06-30.SA_and_HP	1	1	0.0	0.0	4144	4029
0013.2004-08-01.BG	1	1	0.0	0.0	4144	4097
0014.1999-12-14.kaminski	0	0	0.0	0.0	4232	4097
0014.1999-12-15.farmer	0	0	0.0	0.0	4298	4097
0014.2001-02-12.kitchen	0	0	0.0	0.0	4389	4097
0014.2001-07-04.SA_and_HP	1	1	0.0	0.0	4389	4225
0014.2003-12-19.GP	1	1	2.09151731815e-76	0.0	4389	4233
0014.2004-08-01.BG	1	1	0.0	0.0	4389	4278
0015.1999-12-14.kaminski	0	0	0.0	3.26613582295e-295	4420	4278
0015.1999-12-15.farmer	0	0	0.0	0.0	4477	4278
0015.2000-06-09.lokay	0	0	0.0	2.8303095124e-62	4480	4278
0015.2001-02-12.kitchen	0	0	0.0	0.0	4686	4278
0015.2001-07-05.SA_and_HP	1	1	0.0	0.0	4686	4318
0015.2003-12-19.GP	1	1	0.0	0.0	4686	4390
0016.1999-12-15.farmer	0	0	0.0	1.8774494542e-322	4702	4390
0016.2001-02-12.kitchen	0	0	0.0	0.0	4768	4390
0016.2001-07-05.SA_and_HP	1	1	0.0	0.0	4768	4430
0016.2001-07-06.SA_and_HP	1	1	0.0	0.0	4768	5152
0016.2003-12-19.GP	1	1	0.0	0.0	4768	5212
0016.2004-08-01.BG	1	1	2.98815149732e-287	0.0	4768	5239
0017.1999-12-14.kaminski	0	0	0.0	5.57050829568e-166	4780	5239
0017.2000-01-17.beck	0	0	0.0	0.0	4933	5239
0017.2001-04-03.williams	0	0	0.0	4.32927336339e-191	4943	5239
0017.2003-12-18.GP	1	1	9.96421842939e-93	0.0	4943	5245
0017.2004-08-01.BG	1	1	0.0	0.0	4943	5334
0017.2004-08-02.BG	1	1	0.0	0.0	4943	5434
0018.1999-12-14.kaminski	0	0	0.0	0.0	4961	5434
0018.2001-07-13.SA_and_HP	1	1	0.0	0.0	4961	5559
0018.2003-12-18.GP	1	1	0.0	0.0	4961	5694
Misclassified: 0 which means this has an accuracy of 100%	
Skipped 4961 words in spam	
Skipped 5694 words in ham	
