0001.1999-12-10.farmer	0	0	4.25678366459e-21	9.48101762452e-20
0001.1999-12-10.kaminski	0	0	1.71391008391e-14	1.0786759625e-13
0001.2000-01-17.beck	0	0	0.0	0.0
0001.2000-06-06.lokay	0	0	0.0	0.0
0001.2001-02-07.kitchen	0	0	6.34864882725e-176	6.057113539e-151
0001.2001-04-02.williams	0	0	0.0	0.0
0002.1999-12-13.farmer	0	0	0.0	0.0
0002.2001-02-07.kitchen	0	0	3.61867773558e-202	7.76127652403e-197
0002.2001-05-25.SA_and_HP	1	1	4.96977530167e-266	5.34037804608e-291
0002.2003-12-18.GP	1	1	0.0	0.0
0002.2004-08-01.BG	1	1	0.0	0.0
0003.1999-12-10.kaminski	0	0	1.23048429797e-209	3.31726233384e-185
0003.1999-12-14.farmer	0	0	1.10677401731e-42	3.54776020038e-35
0003.2000-01-17.beck	0	0	0.0	0.0
0003.2001-02-08.kitchen	0	0	0.0	0.0
0003.2003-12-18.GP	1	1	0.0	0.0
0003.2004-08-01.BG	1	1	0.0	0.0
0004.1999-12-10.kaminski	0	0	0.0	0.0
0004.1999-12-14.farmer	0	0	0.0	0.0
0004.2001-04-02.williams	0	0	1.6241007925e-316	6.82347230258e-302
0004.2001-06-12.SA_and_HP	1	1	0.0	0.0
0004.2004-08-01.BG	1	1	0.0	0.0
0005.1999-12-12.kaminski	0	0	0.0	0.0
0005.1999-12-14.farmer	0	0	0.0	0.0
0005.2000-06-06.lokay	0	0	3.08682747372e-195	4.69881295076e-187
0005.2001-02-08.kitchen	0	0	0.0	0.0
0005.2001-06-23.SA_and_HP	1	1	2.22852171152e-83	1.12918834167e-89
0005.2003-12-18.GP	1	1	0.0	0.0
0006.1999-12-13.kaminski	0	0	6.76527175432e-229	9.96178575838e-219
0006.2001-02-08.kitchen	0	0	0.0	0.0
0006.2001-04-03.williams	0	0	3.08044294189e-139	1.80925801303e-134
0006.2001-06-25.SA_and_HP	1	1	1.86306747707e-168	5.76058217741e-178
0006.2003-12-18.GP	1	1	0.0	0.0
0006.2004-08-01.BG	1	1	0.0	0.0
0007.1999-12-13.kaminski	0	0	0.0	0.0
0007.1999-12-14.farmer	0	0	0.0	1.02544515457e-306
0007.2000-01-17.beck	0	0	0.0	0.0
0007.2001-02-09.kitchen	0	0	0.0	0.0
0007.2003-12-18.GP	1	1	0.0	0.0
0007.2004-08-01.BG	1	1	0.0	0.0
0008.2001-02-09.kitchen	0	0	0.0	0.0
0008.2001-06-12.SA_and_HP	1	1	0.0	0.0
0008.2001-06-25.SA_and_HP	1	1	0.0	0.0
0008.2003-12-18.GP	1	1	0.0	0.0
0008.2004-08-01.BG	1	1	0.0	0.0
0009.1999-12-13.kaminski	0	0	0.0	0.0
0009.1999-12-14.farmer	0	0	2.4026178207e-299	3.73860675739e-260
0009.2000-06-07.lokay	0	0	0.0	0.0
0009.2001-02-09.kitchen	0	0	0.0	0.0
0009.2001-06-26.SA_and_HP	1	1	0.0	0.0
0009.2003-12-18.GP	1	1	0.0	0.0
0010.1999-12-14.farmer	0	0	0.0	0.0
0010.1999-12-14.kaminski	0	0	2.00125192882e-100	4.3386033857e-90
0010.2001-02-09.kitchen	0	0	0.0	0.0
0010.2001-06-28.SA_and_HP	1	1	0.0	0.0
0010.2003-12-18.GP	1	1	3.16855950553e-24	6.87075071893e-25
0010.2004-08-01.BG	1	1	0.0	0.0
0011.1999-12-14.farmer	0	0	0.0	0.0
0011.2001-06-28.SA_and_HP	1	1	0.0	0.0
0011.2001-06-29.SA_and_HP	1	1	0.0	0.0
0011.2003-12-18.GP	1	1	4.6315458946e-229	4.34717969739e-252
0011.2004-08-01.BG	1	1	1.77936627931e-295	1.04749525529e-317
0012.1999-12-14.farmer	0	0	0.0	0.0
0012.1999-12-14.kaminski	0	0	0.0	0.0
0012.2000-01-17.beck	0	0	0.0	0.0
0012.2000-06-08.lokay	0	0	0.0	0.0
0012.2001-02-09.kitchen	0	0	1.29269435571e-231	3.81139464272e-217
0012.2003-12-19.GP	1	1	2.16361640785e-69	3.75237454312e-76
0013.1999-12-14.farmer	0	0	0.0	0.0
0013.1999-12-14.kaminski	0	0	0.0	0.0
0013.2001-04-03.williams	0	0	8.63564210212e-304	9.42252371442e-294
0013.2001-06-30.SA_and_HP	1	1	0.0	0.0
0013.2004-08-01.BG	1	1	0.0	0.0
0014.1999-12-14.kaminski	0	0	0.0	0.0
0014.1999-12-15.farmer	0	0	0.0	0.0
0014.2001-02-12.kitchen	0	0	0.0	0.0
0014.2001-07-04.SA_and_HP	1	1	0.0	0.0
0014.2003-12-19.GP	1	1	1.3436823126e-76	6.4678635916e-82
0014.2004-08-01.BG	1	1	0.0	0.0
0015.1999-12-14.kaminski	0	0	0.0	4.44698599768e-301
0015.1999-12-15.farmer	0	0	0.0	0.0
0015.2000-06-09.lokay	0	0	1.46041751927e-66	7.71073940382e-64
0015.2001-02-12.kitchen	0	0	0.0	0.0
0015.2001-07-05.SA_and_HP	1	1	0.0	0.0
0015.2003-12-19.GP	1	1	0.0	0.0
0016.1999-12-15.farmer	0	0	0.0	0.0
0016.2001-02-12.kitchen	0	0	0.0	0.0
0016.2001-07-05.SA_and_HP	1	1	0.0	0.0
0016.2001-07-06.SA_and_HP	1	1	0.0	0.0
0016.2003-12-19.GP	1	1	0.0	0.0
0016.2004-08-01.BG	1	1	4.26432261054e-291	3.79985888217e-319
0017.1999-12-14.kaminski	0	0	8.11786182821e-175	1.53929872423e-169
0017.2000-01-17.beck	0	0	0.0	0.0
0017.2001-04-03.williams	0	0	7.63551787729e-201	4.1710226257e-195
0017.2003-12-18.GP	1	1	9.78307986835e-94	6.20633163947e-100
0017.2004-08-01.BG	1	1	0.0	0.0
0017.2004-08-02.BG	1	1	0.0	0.0
0018.1999-12-14.kaminski	0	0	0.0	0.0
0018.2001-07-13.SA_and_HP	1	1	0.0	0.0
0018.2003-12-18.GP	1	1	0.0	0.0
Misclassified: 0 which means this has an accuracy of 100%	
